137
1345
0 9
0 12
0 22
0 23
0 26
0 28
0 31
0 40
0 42
0 43
0 45
0 46
0 47
0 48
0 51
0 54
0 56
0 61
0 67
0 70
0 82
0 84
0 93
0 98
0 99
0 115
1 4
1 9
1 13
1 22
1 34
1 42
1 43
1 44
1 60
1 65
1 76
1 81
1 84
1 87
1 92
1 130
1 134
2 7
2 15
2 17
2 23
2 43
2 45
2 50
2 51
2 61
2 62
2 75
2 76
2 84
2 87
2 91
2 94
2 106
2 110
2 111
2 112
2 113
3 5
3 7
3 15
3 31
3 34
3 40
3 42
3 45
3 46
3 62
3 67
3 75
3 84
3 85
3 87
3 91
3 92
3 99
3 110
3 113
3 117
4 6
4 14
4 18
4 24
4 29
4 32
4 38
4 49
4 52
4 63
4 80
4 89
4 90
4 108
4 118
4 120
4 128
4 129
4 131
4 133
5 10
5 18
5 21
5 24
5 32
5 37
5 41
5 49
5 55
5 69
5 78
5 79
5 88
5 109
5 114
5 120
5 126
5 128
5 132
6 7
6 15
6 28
6 42
6 43
6 45
6 47
6 50
6 59
6 67
6 76
6 93
6 106
6 111
6 113
6 115
6 119
6 123
7 8
7 11
7 27
7 29
7 32
7 38
7 49
7 57
7 69
7 72
7 73
7 74
7 78
7 80
7 86
7 97
7 100
7 103
7 108
7 109
7 118
7 120
7 125
7 128
7 132
8 25
8 36
8 43
8 45
8 47
8 54
8 62
8 65
8 70
8 75
8 77
8 81
8 85
8 99
8 110
8 112
8 135
9 11
9 24
9 27
9 39
9 57
9 63
9 68
9 71
9 73
9 78
9 89
9 102
9 105
9 114
9 118
9 120
9 132
9 133
9 136
10 12
10 26
10 31
10 42
10 43
10 46
10 47
10 51
10 60
10 62
10 64
10 84
10 92
10 93
10 96
10 98
10 107
10 110
10 130
11 33
11 36
11 43
11 46
11 50
11 51
11 54
11 64
11 75
11 81
11 83
11 84
11 87
11 91
11 113
11 123
11 135
12 19
12 29
12 55
12 57
12 72
12 74
12 78
12 79
12 86
12 89
12 103
12 108
12 114
12 116
12 128
12 129
12 133
13 19
13 27
13 30
13 52
13 66
13 90
13 95
13 104
13 108
13 118
13 120
13 122
13 131
13 133
13 136
14 15
14 23
14 31
14 46
14 54
14 82
14 83
14 87
14 99
14 113
14 123
15 20
15 37
15 41
15 49
15 57
15 58
15 68
15 71
15 74
15 78
15 80
15 89
15 90
15 100
15 102
15 103
15 108
15 109
15 121
15 126
16 18
16 27
16 32
16 41
16 52
16 66
16 69
16 71
16 74
16 79
16 80
16 88
16 90
16 95
16 102
16 108
16 109
16 120
16 122
16 124
16 126
16 128
16 129
17 18
17 21
17 24
17 30
17 37
17 74
17 78
17 88
17 89
17 97
17 102
17 104
17 108
17 114
17 120
17 124
17 126
17 127
17 129
17 132
18 25
18 28
18 36
18 45
18 46
18 56
18 75
18 76
18 77
18 84
18 92
18 111
18 113
18 115
18 119
18 130
18 135
19 36
19 42
19 46
19 48
19 50
19 60
19 64
19 70
19 77
19 94
19 96
19 106
19 110
19 112
19 115
19 135
20 28
20 46
20 67
20 70
20 75
20 81
20 83
20 84
20 101
20 106
20 113
20 115
20 117
20 119
20 130
21 26
21 28
21 42
21 46
21 53
21 60
21 64
21 67
21 70
21 75
21 83
21 84
21 91
21 96
21 98
21 106
21 117
21 119
21 134
22 37
22 49
22 55
22 73
22 79
22 89
22 90
22 97
22 102
22 104
22 109
22 114
22 121
22 122
22 124
22 127
22 131
23 24
23 30
23 49
23 55
23 63
23 66
23 69
23 79
23 80
23 89
23 95
23 97
23 118
23 120
23 125
23 127
23 129
24 25
24 35
24 44
24 53
24 56
24 59
24 76
24 81
24 96
24 101
24 111
24 112
24 113
24 117
25 27
25 37
25 38
25 63
25 69
25 71
25 78
25 80
25 88
25 108
25 120
25 126
25 128
25 129
25 131
25 132
25 133
26 29
26 32
26 37
26 57
26 63
26 68
26 69
26 80
26 86
26 90
26 103
26 116
26 122
26 125
26 126
26 127
26 129
26 132
26 133
26 136
27 34
27 36
27 45
27 47
27 48
27 60
27 81
27 82
27 87
27 91
27 93
27 96
27 106
27 107
28 32
28 38
28 49
28 55
28 63
28 66
28 72
28 78
28 97
28 103
28 105
28 108
28 120
28 124
28 126
28 136
29 31
29 33
29 40
29 42
29 43
29 44
29 47
29 51
29 60
29 62
29 67
29 76
29 82
29 92
29 93
29 99
29 110
29 112
29 123
30 33
30 50
30 56
30 64
30 67
30 85
30 92
30 93
30 101
30 111
30 119
30 123
30 134
31 49
31 55
31 57
31 58
31 68
31 72
31 89
31 90
31 100
31 105
31 114
31 124
31 127
31 131
31 133
31 136
32 33
32 40
32 46
32 47
32 59
32 60
32 62
32 64
32 65
32 70
32 81
32 82
32 83
32 91
32 107
32 117
32 134
33 57
33 63
33 73
33 86
33 90
33 105
33 118
33 120
33 126
33 127
33 132
33 136
34 39
34 49
34 57
34 58
34 68
34 73
34 74
34 78
34 79
34 86
34 88
34 100
34 102
34 120
34 122
35 58
35 71
35 88
35 89
35 100
35 105
35 118
35 125
35 131
36 68
36 95
36 97
36 102
36 103
36 109
36 114
36 121
36 125
36 136
37 45
37 59
37 60
37 64
37 70
37 75
37 84
37 92
37 93
37 98
37 106
37 112
37 113
37 119
38 47
38 51
38 59
38 60
38 76
38 85
38 87
38 107
38 117
38 119
39 44
39 45
39 59
39 62
39 75
39 76
39 77
39 81
39 83
39 85
39 106
40 52
40 68
40 73
40 74
40 80
40 89
40 95
40 97
40 100
40 103
40 118
40 122
40 133
41 43
41 51
41 53
41 54
41 56
41 59
41 60
41 92
41 93
41 94
41 99
41 107
41 110
41 117
41 130
42 66
42 73
42 78
42 79
42 89
42 95
42 100
42 102
42 103
42 105
42 109
42 126
42 127
42 129
42 131
43 52
43 57
43 63
43 74
43 79
43 80
43 97
43 100
43 104
43 105
43 109
43 116
43 124
43 126
43 128
43 129
44 69
44 79
44 100
44 104
44 108
44 109
44 129
44 131
44 132
44 133
44 136
45 55
45 79
45 89
45 95
45 104
45 108
45 125
45 128
45 131
46 63
46 66
46 72
46 73
46 80
46 86
46 88
46 100
46 102
46 109
46 116
46 118
46 121
46 125
46 126
46 131
46 132
47 49
47 55
47 57
47 58
47 63
47 69
47 73
47 78
47 86
47 88
47 90
47 95
47 97
47 104
47 105
47 125
47 126
47 136
48 79
48 89
48 103
48 104
48 116
48 118
48 126
48 132
49 50
49 54
49 56
49 64
49 76
49 77
49 83
49 84
49 99
49 117
49 130
49 134
50 55
50 71
50 72
50 73
50 88
50 89
50 90
50 100
50 104
50 114
50 126
50 127
51 55
51 68
51 69
51 86
51 88
51 97
51 104
51 120
51 125
51 127
51 131
52 53
52 62
52 70
52 76
52 77
52 81
52 83
52 96
52 98
52 99
52 101
52 107
52 111
52 112
52 119
53 57
53 63
53 68
53 72
53 73
53 80
53 88
53 95
53 100
53 108
53 109
53 114
53 116
53 128
54 68
54 78
54 79
54 88
54 97
54 102
54 105
54 108
54 114
54 120
54 122
54 126
54 131
54 132
54 133
54 136
55 59
55 60
55 61
55 62
55 65
55 67
55 70
55 76
55 82
55 83
55 92
55 96
55 106
55 107
55 110
55 113
56 63
56 66
56 71
56 73
56 79
56 97
56 103
56 105
56 108
56 109
56 114
56 116
56 118
56 136
57 61
57 62
57 70
57 77
57 82
57 85
57 92
57 96
57 98
57 106
57 110
57 111
57 117
58 60
58 61
58 76
58 77
58 85
58 87
58 91
58 96
58 99
58 110
58 117
58 130
58 134
59 78
59 89
59 90
59 104
59 118
59 121
59 124
59 126
59 127
59 136
60 63
60 66
60 74
60 78
60 104
60 108
60 121
60 122
60 127
60 129
60 131
61 66
61 72
61 79
61 88
61 97
61 103
61 121
62 66
62 68
62 69
62 73
62 79
62 89
62 104
62 109
62 128
62 131
63 67
63 76
63 92
63 96
63 98
63 110
63 115
63 117
63 134
64 66
64 71
64 72
64 73
64 74
64 80
64 90
64 109
64 116
64 118
64 120
65 68
65 73
65 78
65 90
65 100
65 102
65 105
65 108
65 109
65 116
65 120
65 127
65 131
66 70
66 75
66 81
66 83
66 93
66 94
66 96
66 101
66 111
66 119
66 123
66 135
67 69
67 71
67 73
67 78
67 80
67 90
67 100
67 103
67 120
67 126
67 127
68 77
68 91
68 94
68 112
68 113
68 117
68 123
68 134
69 70
69 75
69 81
69 85
69 111
69 115
69 123
69 134
69 135
70 73
70 100
70 105
70 116
70 118
70 122
70 124
70 125
70 126
70 132
71 77
71 81
71 82
71 84
71 94
71 101
71 106
71 110
71 112
71 117
71 134
72 85
72 92
72 94
72 107
72 112
72 113
72 115
72 117
72 134
73 76
73 84
73 87
73 98
73 106
73 110
74 77
74 84
74 85
74 91
74 92
74 96
74 98
74 101
74 106
74 130
75 78
75 89
75 97
75 100
75 102
75 103
75 120
75 131
75 132
76 80
76 102
76 103
76 104
76 132
77 78
77 97
77 100
77 103
77 126
77 129
77 133
78 84
78 91
78 93
78 99
78 111
78 134
78 135
79 87
79 93
79 99
79 112
80 91
80 99
80 112
81 88
81 103
81 108
81 116
81 120
81 132
82 95
82 100
82 109
82 114
82 124
82 133
83 89
83 104
83 114
83 122
83 124
83 126
84 100
84 102
84 103
84 104
84 108
84 109
84 114
84 120
85 88
85 120
85 122
85 124
85 125
85 126
85 129
85 136
86 93
86 101
86 106
86 107
86 111
86 112
86 135
87 89
87 97
87 125
87 128
87 131
87 133
88 92
88 93
88 94
88 96
88 98
88 106
88 112
88 115
88 117
88 135
89 91
89 92
89 98
89 101
89 106
89 107
89 111
89 115
89 123
90 91
90 92
90 93
90 107
90 115
90 117
90 130
90 134
91 97
91 100
91 102
91 103
91 104
91 105
91 114
91 116
91 118
91 121
91 124
91 127
91 129
91 132
92 108
92 120
92 132
92 136
93 97
93 100
93 103
93 109
93 131
93 133
93 136
94 103
94 109
94 120
94 124
94 127
94 131
95 99
95 107
95 110
95 113
95 123
96 105
96 109
96 114
96 116
96 118
96 121
97 99
97 106
97 111
97 113
97 115
97 134
98 104
98 118
98 120
98 124
98 136
99 102
99 104
99 109
99 116
99 122
99 124
99 125
99 131
99 133
99 136
100 119
100 130
101 104
101 108
101 114
101 125
101 126
101 127
101 131
101 133
102 110
102 123
102 134
102 135
103 106
103 111
103 113
103 119
103 130
103 134
103 135
104 106
104 107
104 117
104 130
105 115
105 123
105 134
106 108
106 120
106 121
106 124
106 129
106 136
107 116
107 131
108 111
108 134
108 135
109 110
109 113
109 117
109 134
110 118
110 129
110 133
111 121
111 125
111 126
111 132
112 118
112 120
112 122
112 126
113 124
113 132
113 133
113 136
115 122
115 126
115 131
115 132
115 136
116 135
117 121
117 122
117 127
117 131
117 136
118 123
118 130
118 134
119 120
120 135
122 134
123 127
123 131
123 133
123 136
127 130
127 135
128 134
130 131
131 135
133 134